44
-11
59
21
-89
-62
75
51
-54
-21
-4
59
60
98
-31
-31
-27
54
-98
46
46
13
75
13
-13
41
-32
93
-98
-95
-21
-40
-18
-90
58
4
-82
13
77
51
-55
12
-54
0
-91
76
-82
24
67
-46
-33
68
93
-31
-25
59
12
-97
-4
46
87
-8
1
-81
5
-2
7
-16
50
57
-75
9
56
6
-89
41
93
81
-91
56
52
-100
67
-78
-78
40
-82
78
-45
41
70
30
-93
-98
4
-64
-42
62
-44
56
-20
-50
36
-89
-49
1
-28
68
-96
71
55
88
43
-31
-5
-68
-93
-88
30
24
-43
96
-17
-50
-50
43
-14
-74
-90
-84
81
-53
34
-86
75
-83
-96
-30
52
-63
-6
-44
76
57
-9
16
19
5
-44
-12
17
-79
-86
-23
43
6
-55
-61
64
26
-83
59
-92
27
-7
-77
13
-59
71
-36
64
40
-48
46
57
-27
-30
46
-71
42
-86
96
3
79
94
40
-41
-59
79
34
-79
74
62
-68
70
-40
33
-96
-25
55
90
3
100
-16
87
84
-97
52
76
-1
46
73
-85
90
-39
64
99
-33
93
62
61
-21
-38
-91
27
62
-86
59
-85
-88
74
3
0
32
54
-50
84
-100
82
9
-98
4
-70
-38
32
14
93
-54
53
56
-30
-73
-5
-63
84
37
43
-43
-53
51
45
-73
-78
-8
24
-42
88
-53
-8
84
4
-61
46
-7
77
43
30
-22
20
6
5
74
47
98
-21
-68
-4
20
-50
76
18
81
56
24
-48
-3
-55
47
27
-18
-30
-87
46
-31
34
-67
-35
30
-15
-83
97
82
-89
-26
27
-85
-89
-37
28
-31
34
-69
-13
83
86
73
-61
-63
20
72
51
65
-7
51
55
-85
87
15
-37
-50
0
15
-75
60
40
-55
63
-55
-100
-2
15
-67
-13
92
53
31
-87
32
63
44
90
98
-96
-50
29
-69
95
72
41
-49
-22
93
67
-40
61
-43
-7
4
-20
-52
45
-86
44
-8
48
17
-27
90
59
-32
27
5
-18
50
-19
-24
-58
73
71
-70
15
-53
31
80
-17
67
-47
-22
12
-3
-63
90
-15
-33
58
38
-62
58
82
-12
-88
-21
83
64
-97
-55
-7
19
50
-68
-3
57
-70
-92
-98
-15
94
49
91
-38
-96
72
-70
1
-91
46
-100
32
35
-15
-89
-93
-61
-11
-25
47
-37
8
67
89
29
-98
11
44
-58
-4
-23
100
58
85
-67
-63
-33
9
1
-29
42
82
51
-49
-74
-2
10
-11
46
-58
76
67
-36
-16
47
83
19
-31
-18
85
39
18
33
24
-34
46
-9
-81
100
-42
56
-93
-91
49
-23
10
-18
81
-62
-64
17
-69
26
-68
26
-84
-7
19
-14
-31
26
45
22
88
18
64
-46
-12
-94
3
51
-90
-13
33
44
-67
94
-27
11
-35
-47
50
8
60
96
-91
84
13
87
-99
-37
20
16
12
37
0
-15
-80
31
-72
82
-39
6
19
-20
46
77
9
27
58
-96
8
-53
5
66
40
-68
92
-70
-20
-80
45
1
70
13
42
-11
-31
49
87
-31
50
61
37
-51
-40
66
-80
-93
-16
-37
81
-37
-68
70
2
-99
-12
-62
56
-52
-26
9
-28
-43
55
23
82
-10
-74
26
34
12
35
90
-83
-39
49
40
8
-46
-36
40
7
27
-66
80
-17
-13
-97
0
6
-40
79
51
53
-92
-100
-46
-33
21
-5
69
10
85
-73
-87
71
-73
-61
92
-31
-99
33
17
-54
35
-46
78
34
20
-11
-2
-99
19
-69
78
-47
23
24
-81
-48
-71
-73
76
-87
25
-28
18
-98
74
53
56
96
-4
2
-87
34
-56
19
-21
56
-28
-79
75
-56
-66
83
-22
57
69
-15
-70
38
-30
24
59
-54
40
-5
-34
50
88
45
19
-20
-71
71
50
-17
-55
-21
71
-1
-33
75
-100
77
-35
38
-66
-67
97
-62
16
89
30
48
-64
98
-14
-41
-58
41
-11
43
7
-6
41
44
-54
-68
33
18
38
-22
81
91
81
-91
-95
-58
-86
-8
3
88
63
67
-17
14
59
-79
68
59
18
-96
-5
31
6
-16
-28
42
64
13
81
29
-44
63
71
-68
31
-19
-43
-40
50
58
-13
-31
-59
-9
59
24
58
-23
-90
63
64
-77
23
51
-4
-50
-27
-94
-84
-93
-50
87
50
5
54
-44
-8
-43
-39
-10
98
-75
-19
64
-96
-91
-35
-28
-72
-40
-40
-32
67
-3
-24
30
74
40
-68
20
-81
-43
-91
29
86
-50
-11
92
-30
-90
-35
25
-35
1
94
38
-63
63
75
-15
-64
31
-99
58
-34
80
52
58
-71
-8
-13
100
70
-38
3
-80
-44
90
-3
-25
51
-22
16
-41
-33
83
78
-100
-13
-59
96
-78
10
84
-97
-22
86
57
-27
72
93
-80
-72
56
-36
92
-29
-76
-56
52
46
25
-81
87
42
35
17
-15
-19
67
-33
7
-90
86
-71
-91
92
51
33
-61
-15
-43
69
-99
-10
19
-8
70
7
43
-5
64
-95
77
-11
66
16
-63
75
-62
-76
-81
-92
29
6
-43
-86
-47
-40
-47
-63
55
-61
90
94
56
17
-84
2
-98
23
-64
68
-12
1
44
32
-71
0
-11
79
49
-88
-49
-92
84
11
-7
1
31
-45
-93
-89
-94
70
-9
-97
-70
-72
-86
-87
-81
-88
35
-11
-75
-32
-71
83
-55
-65
72
-71
85
38
62
76
-8
-92
-10
53
38
48
-4
12
2
63
-1
-43
-30
-7
-23
-61
25
49
2
43
63
41
69
12
24
64
-40
2
-31
-15
-99
94
-47
25
31
36
-39
-97
-34
-53
40
89
88
50
-13
-51
80
58
-100
42
29
7
58
-61
-91
-84
-41
-27
-25
-91
44
31
-59
10
79
24
-26
-7
99
47
46
-90
-99
-56
91
-30
-36
37
-38
45
68
-85
97
-78
58
89
1
-48
31
37
29
-18
52
40
-34
-76
-29
-66
-80
19
19
-49
-67
95
-55
-49
30
-100
-37
28
-80
96
-75
27
-3
-40
-67
55
52
-13
-71
-77
69
56
77
-85
20
31
28
-55
93
-40
-60
14
-44
39
-10
46
19
-31
25
81
90
50
7
59
6
20
-70
-63
49
-70
-49
-89
-62
100
64
-12
-8
67
82
57
71
69
65
-19
-27
35
64
-48
-37
-14
-66
69
-14
-55
0
38
33
8
-6
-86
-80
4
91
-72
-88
80
-67
-90
58
20
43
46
-75
-93
-87
7
80
55
-10
-41
60
75
94
-20
-79
39
86
81
-24
-75
68
38
-75
67
-43
-68
-41
0
-11
66
50
-4
73
84
32
22
89
-73
-54
-89
57
-65
11
12
96
42
-40
-26
40
-60
-4
-2
-71
21
86
32
6
10
74
69
-21
21
62
15
-23
-39
45
-99
-90
42
-26
21
79
17
78
-37
-78
99
62
-35
-85
34
-13
74
-5
4
-62
16
-91
25
34
84
-24
71
-67
94
73
25
15
-51
-27
-43
31
-1
-94
44
-17
18
76
37
-23
96
3
22
85
-61
-92
68
17
54
-6
-59
-29
35
43
83
-51
100
-45
-80
-59
5
-12
-71
-42
41
36
-57
9
-79
-94
82
95
50
48
-38
-99
-40
-30
11
32
-23
32
100
94
90
68
-10
83
9
79
-97
98
38
99
2
45
-20
1
-55
99
73
-63
28
99
-7
54
-80
50
-72
60
-29
88
73
41
-85
52
81
90
10
50
-36
-21
93
1
50
-67
6
33
3
-79
46
27
84
8
-88
54
45
60
77
52
-44
-34
34
76
49
42
-37
53
-45
81
43
75
80
-25
57
-57
-5
34
3
67
-27
12
66
-32
60
27
51
-51
83
-92
47
26
-21
40
-39
-25
-79
92
85
63
78
53
7
-3
-93
4
73
27
-3
40
90
17
-12
23
-62
-40
-77
36
38
-20
46
29
66
60
93
62
-77
-26
-74
89
43
99
-15
-84
4
-67
-38
4
65
-25
82
-10
37
-48
-53
4
-30
32
-53
63
46
60
87
15
27
71
-52
-42
-32
26
-31
81
-74
22
85
1
21
41
-45
-6
29
0
-57
35
-35
-22
-89
-66
-52
60
-76
28
8
38
86
45
-33
-7
7
13
51
-48
-23
-69
90
45
-44
-20
-71
-15
33
-73
-71
39
-9
85
1
-1
58
-84
30
100
94
-67
-56
60
53
-73
-7
-69
23
-17
-54
75
20
89
26
-96
-25
65
-12
48
11
24
-11
1
51
-17
-86
41
-8
43
40
-53
48
51
-54
95
27
95
-77
-39
-34
50
-96
-91
-18
-37
-97
-96
62
2
-1
6
0
-69
-41
-70
-99
-16
-17
2
51
16
47
0
76
-71
82
-89
-44
-39
3
-36
23
95
29
94
7
86
-69
41
-54
22
33
59
2
-88
8
-51
21
-36
66
88
-12
84
-33
-80
30
57
-35
-38
46
-89
2
82
-37
-65
54
-74
80
-27
43
87
93
24
55
-54
-63
-3
93
-35
-59
16
35
19
86
39
-43
-13
52
98
-75
-42
88
45
-73
-89
-70
-66
-29
-8
7
62
-97
25
-21
10
-29
-10
-13
99
-39
-31
98
20
17
37
-82
-47
4
97
99
-6
-82
37
95
-70
31
-96
-81
-74
95
95
-18
20
79
-47
-35
34
86
-66
22
20
-91
83
77
16
-60
57
-37
-52
-40
-76
-15
-27
-63
-35
43
-58
-81
-92
-45
-15
-36
20
-25
57
53
44
82
-29
-21
-31
82
-78
-59
-73
66
-37
-77
60
76
-47
-92
-24
36
95
94
-100
54
-81
-89
-86
-99
87
49
-10
0
91
88
67
39
45
-62
-14
64
-80
63
-54
-34
51
-59
-75
-27
70
-9
29
62
12
56
67
69
60
63
-3
-70
-38
-52
-84
-87
-93
99
56
-3
-80
8
10
13
-59
-14
-24
-65
-12
20
61
-39
8
42
4
45
29
-29
-21
16
-44
-48
64
35
-33
41
-88
17
-86
5
69
96
23
-97
85
11
42
24
-5
49
46
38
68
94
-12
7
29
100
-48
-82
-91
96
-4
-17
-27
29
-65
71
-27
-52
1
87
26
-68
7
-38
-44
-74
54
-94
-85
34
-8
-53
47
67
-82
-78
-97
75
-3
59
33
93
24
-15
26
1
54
-53
-47
27
-38
82
-10
-62
-79
48
-46
74
84
-35
21
-59
51
42
-31
33
17
82
42
-93
-33
-80
-8
92
-43
50
-27
56
-96
70
-23
79
23
3
-54
-48
-27
-44
-78
-83
95
79
-67
-48
18
-15
35
6
82
96
-99
30
79
-42
-11
84
64
-23
50
18
98
81
25
41
35
67
-96
-39
72
-90
-40
2
-40
-39
-36
91
-58
27
58
-4
24
64
11
23
77
64
97
1
-49
99
-62
-64
-76
-98
40
-4
-20
-93
94
-10
-96
18
-16
20
96
61
23
-37
47
-99
72
-87
1
-29
-4
-40
52
-83
56
-43
-89
27
76
-67
-22
92
-75
-46
96
-99
85
-60
-9
-98
-67
74
13
-87
64
-39
78
-17
-81
-24
47
-58
83
21
-49
51
34
67
57
-2
64
36
-9
-96
-58
15
63
59
69
79
-96
-86
-87
-95
39
-39
27
75
-39
-15
93
-60
-66
22
75
29
-10
-70
60
11
65
92
-37
11
67
96
23
39
36
42
-69
-15
43
-1
-12
-42
76
48
37
25
-63
-2
-73
36
60
-97
7
76
97
83
-33
-45
61
31
-23
73
-83
19
94
95
-88
5
-94
-7
82
79
-68
55
-47
-32
49
9
-29
-32
-46
-10
73
18
80
41
-15
91
12
82
-56
-2
-36
59
-82
-59
-85
52
-64
-3
-47
-32
-78
47
72
-62
23
-100
44
68
-66
11
-88
56
-39
73
-83
-8
88
55
45
-71
-90
-32
-31
-15
43
41
-93
-99
97
-99
-38
29
-21
73
12
16
-31
5
-48
86
15
-72
91
-91
81
-64
5
10
-70
-91
-3
94
-79
-42
62
52
-79
22
66
-41
-22
-59
41
55
86
82
-87
-49
-23
-96
42
35
-67
74
44
36
24
-16
-91
58
-54
97
-57
75
-28
-47
-21
80
14
-4
67
7
-14
-84
34
51
-37
-26
-18
-54
85
17
-61
-94
34
-28
-52
37
80
-12
63
-23
86
78
-22
-49
-12
-43
18
76
-60
40
12
-42
81
88
73
11
-38
35
87
95
-15
-70
24
4
-42
1
77
0
-83
62
61
96
55
-9
-22
65
83
-61
51
79
16
37
-55
-53
-68
-10
81
-93
81
-87
-47
-72
-44
-28
-84
-53
91
20
25
45
99
-25
-11
25
51
77
-12
-45
-72
-21
53
74
50
-4
60
61
-12
16
-13
17
10
-43
57
30
29
92
-59
72
81
-76
-57
17
-16
62
-15
-66
-41
90
-4
18
23
76
1
-50
-30
-81
-70
-50
60
-5
29
50
16
57
34
-80
79
-99
4
-40
40
-3
-97
-14
95
-55
-81
-53
-79
-14
8
15
-23
88
3
1
-84
-60
-10
98
-46
9
-94
54
32
-37
-63
81
-100
-17
-94
4
-57
-80
-97
-95
19
96
29
55
-48
-78
-95
-17
19
52
-94
41
49
-58
-76
53
32
-73
21
96
-48
-59
-53
-10
-12
-32
-7
-85
-32
72
-75
8
-79
-96
-91
-75
-55
93
-27
-51
28
-98
43
53
19
48
80
5
-13
85
-19
75
88
18
70
-85
-11
17
60
28
-42
20
-100
-71
-67
61
-15
-17
-96
-39
-35
-80
-82
85
19
-86
80
-29
18
2
-20
-79
-64
-1
73
-21
27
-53
-18
-14
-51
6
51
-18
-10
83
43
-84
75
52
25
-69
11
-92
29
16
-11
-37
-78
59
96
89
-4
-44
23
-15
-98
-91
100
-10
-43
47
2
91
86
-69
86
1
-99
-86
-96
55
-54
12
-53
87
19
-29
28
-28
-75
53
79
-91
-93
-19
-44
0
-39
-87
5
28
-74
-19
71
-81
-38
49
-68
55
-89
67
44
-27
-58
38
2
97
41
-55
15
63
-15
24
32
93
-50
13
50
60
69
1
-94
-43
11
20
65
-25
21
-10
-77
-30
-74
34
-26
-28
-91
33
-25
-98
-55
17
55
43
35
-53
-16
76
95
-70
8
-82
-98
-13
-97
79
6
-53
74
-59
7
51
-87
-46
-50
-5
-44
-97
-77
-57
61
42
13
0
16
28
-52
65
-100
-61
-34
-48
-74
15
-34
-16
-91
-70
-10
-71
68
-43
56
71
82
41
-67
99
-64
-60
69
25
33
-86
94
42
67
-53
-38
-20
-51
81
-59
96
94
-14
-98
-7
-20
-46
44
55
10
32
28
42
8
96
-49
2
72
-21
4
66
36
45
-58
-92
-29
-50
91
46
20
75
-71
-98
14
49
93
98
-14
-65
79
54
88
35
-9
-13
-69
13
-3
-99
7
-47
53
-16
53
-83
-37
85
-7
-56
-26
99
99
-24
60
38
-66
-58
67
47
27
-17
21
-89
75
-15
-25
-36
99
43
-90
-28
24
69
90
63
-61
56
-64
-45
23
-100
69
0
21
-7
66
-56
-12
57
22
22
-31
-26
-5
67
30
45
49
6
-90
92
-76
-59
-19
-45
-14
-31
-92
71
-49
4
-89
70
29
94
82
-66
-86
80
-46
-1
-15
50
38
36
86
-24
-59
85
21
-50
45
-40
8
-17
-68
-65
45
-42
-48
81
100
85
13
-19
68
-78
-78
67
40
-98
38
10
-16
12
-20
-80
59
-74
47
-66
22
44
31
2
-23
-6
-69
90
42
-70
-49
-15
46
-73
98
-100
-50
-27
-82
25
-57
-16
-52
-69
45
50
-90
28
43
-53
-91
84
-52
-98
-27
-12
-10
14
3
66
75
14
74
68
-64
-3
40
-89
-21
-78
-23
20
-74
-44
96
-19
27
50
13
66
76
-100
-90
-14
41
46
-68
10
-88
-85
-69
-69
-58
-68
88
-67
88
72
1
3
87
-88
79
81
-12
-6
58
-40
-60
84
-61
-90
-60
99
65
-34
53
77
72
-49
-35
-71
-87
-80
91
-41
4
-66
-41
-7
86
-90
-94
-52
-87
89
-15
76
60
-6
-87
12
2
40
24
-74
87
-58
35
-52
69
-86
-45
2
-17
21
3
-29
-42
-94
-67
-91
31
-38
-27
-72
85
71
84
-62
-14
89
8
-75
-17
-83
74
82
-69
71
67
-54
-94
53
2
-41
-51
57
-59
62
40
-94
-51
17
68
-33
97
-12
72
-72
89
66
21
6
-82
-31
-73
-38
50
-44
26
-44
64
98
-80
-85
64
-72
27
-94
-82
13
-55
37
-46
-23
-61
42
31
68
-66
41
-63
-52
60
46
57
11
14
64
-22
-37
79
-78
43
67
58
-14
-84
-67
85
5
-81
-29
-28
44
-1
38
78
-44
-36
9
78
-33
4
-7
-67
-13
73
-56
-39
71
-53
34
-3
-79
-51
-20
-4
-6
-78
-23
92
-79
19
7
-16
78
-77
79
51
-54
-10
54
-57
89
93
30
-52
79
-66
28
-34
41
73
31
38
-66
-20
13
47
41
73
-38
72
51
-90
40
4
11
-40
73
35
-79
-23
-23
-45
-37
42
57
56
50
12
-41
8
54
87
65
23
78
32
-63
40
-61
-88
30
28
-70
43
83
-84
18
19
37
-61
-71
57
-96
-11
36
23
-94
-80
0
24
96
29
93
28
-43
51
62
-90
-70
-82
-22
-7
-67
-22
-16
59
67
-77
15
32
68
-72
49
-76
66
-20
-41
58
97
20
-65
58
-16
-67
13
97
-56
-85
18
-7
3
46
-40
93
7
30
99
43
34
-87
-39
75
-52
-72
-28
11
-98
-10
-20
94
-46
-74
3
29
20
-24
-5
34
-20
93
36
91
95
46
39
-27
41
-73
41
-19
29
63
0
-95
52
41
60
-5
99
-12
80
19
44
73
8
-65
13
-63
80
92
81
65
-78
42
65
-98
-2
-90
-39
-15
-85
-16
15
-80
-66
12
-91
-20
-32
-55
-64
-57
-29
-45
46
-55
28
-14
19
-49
-80
-70
-90
-54
-96
89
-68
6
87
94
-20
-38
18
-89
-51
-14
-54
-27
81
-72
87
42
-25
-31
54
-36
91
-23
-56
-89
4
40
81
-95
13
65
-25
83
79
-84
5
-16
99
-9
-9
46
-4
89
22
20
-26
-98
78
-74
64
42
-2
91
4
24
0
-74
-77
-54
-87
-66
55
-5
-35
16
-9
54
23
41
-13
-66
-78
-13
-45
-83
5
-34
-63
73
80
85
79
32
-94
-21
-56
15
7
-90
-25
-48
-65
-77
82
52
96
82
12
-24
37
71
36
32
6
5
-38
74
-55
-48
-48
56
76
7
12
-26
-54
53
-39
-35
7
-42
-63
-51
37
29
72
46
100
52
45
60
62
-4
35
73
-27
19
-33
61
-96
18
-57
-46
31
-81
77
26
-87
-64
-18
21
-3
-57
64
21
-99
-32
-10
33
7
17
-69
0
-23
56
-74
-69
68
-18
-39
-47
-19
19
40
70
95
56
23
84
-60
35
-54
58
-30
-91
-53
-95
64
45
-84
84
-35
8
10
-61
-100
8
-73
62
-28
29
-73
-10
-76
62
49
31
-38
61
19
-97
4
58
-45
39
-42
-40
-99
0
-44
-24
4
94
49
-40
81
74
10
-26
84
-29
4
-30
38
-49
-86
-32
-54
-26
-19
-54
18
81
28
-86
62
-89
-4
-17
-84
94
55
-40
17
37
66
-62
-6
-20
-55
-96
69
-4
42
5
-17
7
68
-12
-17
-77
82
-88
-72
-85
-76
10
91
59
-25
-57
32
-87
24
11
14
-76
1
98
-14
-25
-27
-31
91
-1
-93
-17
-67
-89
-52
67
49
-49
96
80
90
53
-23
-24
6
16
0
-30
78
54
-92
38
-46
29
93
-31
-67
-51
-77
-12
-72
-30
-75
99
95
-43
83
64
30
-91
26
-9
-5
19
-22
-24
21
-33
-19
-55
77
24
14
-61
-44
8
-52
86
-77
87
-59
-46
-4
-88
-100
32
70
52
-2
-50
33
-67
-90
90
46
67
20
61
4
-38
-88
10
90
-14
51
23
-22
-62
-5
-46
12
-2
-42
96
-19
57
10
-77
-83
-99
20
72
61
42
-37
26
-25
-92
-47
-70
-51
-36
-34
-33
73
-59
26
-79
-40
59
-69
-1
89
-80
42
40
-20
-27
-67
7
-8
15
-23
-35
100
-82
69
47
29
-13
-69
-89
96
54
84
-62
-69
9
-35
2
-43
-44
17
-21
4
-96
9
66
-96
-88
29
-69
3
29
23
-98
90
30
59
56
-31
-90
-47
46
-76
-5
93
-55
54
10
71
84
-43
-22
89
99
97
19
78
-95
87
32
61
-89
76
91
16
-19
-78
29
-90
-99
-12
76
-9
45
19
95
-35
-64
-31
-79
-39
63
-42
74
-11
-91
-2
47
-77
-83
32
41
71
-5
61
-24
-20
87
-66
84
-28
31
4
1
-98
41
68
-12
71
19
24
96
74
91
54
-60
69
-1
81
-23
-93
-91
-52
97
10
65
71
66
69
27
48
-11
-68
58
-87
-5
-99
-60
26
58
94
26
-52
-94
-16
29
-54
21
-34
82
9
20
-63
-46
-39
15
-87
-99
-92
-1
-92
73
-24
-27
41
17
25
-16
66
-19
64
100
24
-1
40
21
97
94
-26
-6
1
81
-82
36
7
16
-29
6
-31
-69
-91
-72
-67
-27
-86
49
-60
-16
40
-32
-94
-92
-52
-52
27
-53
57
36
92
37
48
43
68
-2
-98
-16
95
-44
-32
91
33
97
-43
53
60
-7
-8
-1
-55
-52
78
39
-13
2
-5
-63
14
-7
92
-27
12
19
89
-35
-12
92
-27
-96
57
-7
-92
-64
-70
46
51
-90
-16
18
-22
-92
93
-19
-69
96
-5
77
36
9
-94
-46
78
14
-69
-23
-88
64
52
42
64
-53
-88
-43
-93
21
37
29
62
-13
-24
68
-85
38
63
85
-45
92
-87
31
-61
34
-17
98
45
-97
-53
-76
-84
-11
38
57
56
90
37
21
41
-13
-20
10
62
-53
69
-25
-40
27
-35
-51
-62
59
96
18
-30
-8
47
94
-26
48
-49
99
85
47
-15
6
48
-92
93
100
14
32
80
-41
78
82
90
-39
73
-20
100
-56
-7
-78
67
17
81
36
91
69
-85
-13
67
-68
-54
-76
-89
-73
79
-90
6
-80
-35
34
7
-58
-21
72
0
-4
27
-35
40
-72
-60
50
26
74
80
5
-16
-10
5
38
-8
15
-14
36
-31
-76
85
33
12
100
36
-99
-88
-90
83
-81
-97
-74
13
-46
-36
-13
5
-9
22
42
68
31
11
96
-3
73
51
34
51
-68
-79
95
1
-35
-68
-2
-43
99
41
-36
98
-42
-13
-20
80
-80
-27
-21
-27
-35
33
-87
47
51
-12
77
76
-94
-40
76
33
85
58
-5
-44
6
39
-54
19
-43
73
-49
3
-73
-75
95
-63
-50
-77
-49
56
-9
95
-87
-96
40
-59
-22
-11
24
-43
15
-6
-11
-100
-70
14
32
78
30
-98
-39
55
2
-54
-86
-48
5
-68
82
4
-96
-78
-47
32
25
-57
-29
62
2
-31
33
-82
-59
58
-16
-86
-40
-31
84
28
-41
-53
90
-91
28
-68
27
-44
-57
24
23
45
14
66
62
-36
39
-49
95
-77
95
25
89
-16
-79
7
87
91
-16
-78
-75
-28
-24
-80
-15
-65
-64
56
-45
-56
2
57
7
-90
67
5
83
79
-43
-100
52
-6
4
-4
-99
62
-5
-73
35
-43
-89
67
-86
-65
-77
17
-97
-59
-80
63
5
-4
30
-20
6
16
29
93
-70
-89
-17
6
-46
69
-58
-31
-1
80
73
100
45
68
-26
0
-71
-3
-9
64
-36
-76
-67
-41
79
39
5
-40
20
5
-14
-11
75
-75
100
35
93
33
-13
79
-53
6
-95
-100
-38
38
89
-82
2
-31
92
-31
33
-54
-42
57
-72
74
85
97
-42
88
11
8
-25
-45
-38
-54
-18
8
-48
88
-71
35
39
-49
0
11
1
-98
69
-26
-81
-16
5
16
-25
-46
96
51
60
48
-25
-78
99
16
-47
-93
-8
-26
-69
77
45
-99
-29
-56
5
91
6
73
-63
85
-37
70
-71
-33
-25
37
47
-29
47
21
69
-11
22
87
-63
-79
29
-60
-99
-4
21
58
-5
4
65
-37
69
-11
-32
95
-88
32
-33
-42
35
-50
85
-41
-27
12
68
41
100
66
-48
37
-59
-83
-61
44
22
-19
19
-19
8
74
-69
-36
-51
50
-11
1
-91
65
-29
-56
-2
59
62
62
-15
-98
65
25
-49
10
49
-88
-13
-33
88
-80
54
-63
-80
-21
-62
51
52
56
74
-39
3
57
-22
-42
19
14
-88
99
82
13
75
9
0
-36
35
67
50
-49
-6
-58
29
92
-7
-29
3
84
16
4
21
49
68
-40
-95
-34
99
88
79
-7
82
-51
-58
-90
-29
-76
-10
-87
-53
96
-20
10
-70
16
-73
-78
-42
59
10
89
-7
-40
-48
-93
8
55
87
-11
89
34
-77
79
-9
-26
-67
71
-86
37
68
-52
79
72
-25
-98
-45
-47
35
23
-78
98
-58
63
-98
-24
60
-44
-87
-1
24
-94
-61
33
56
0
9
-90
-70
60
44
54
-30
-95
13
89
46
-39
-43
-97
-4
-73
-31
27
91
26
57
61
-50
-52
47
91
-41
-4
65
42
13
-24
-64
22
-91
-22
34
88
-23
63
38
-1
99
-85
22
13
-81
-73
-21
71
-16
-26
-35
-4
-32
-39
54
53
16
36
-92
-92
-40
-35
-47
-84
90
98
92
-74
57
-18
-78
-54
-53
-20
-94
-49
1
-59
3
-41
-100
32
2
39
99
52
-13
5
-86
49
-52
90
58
15
13
-53
17
95
88
-67
92
29
-1
13
-27
-76
-98
-42
-44
-5
25
-65
28
39
-43
-2
-18
-4
68
-72
-43
-89
-48
96
-39
83
3
68
88
-51
27
28
54
20
-31
84
-64
85
-95
65
-69
32
27
51
-34
-33
-16
73
-28
45
-75
-16
-45
-23
7
42
-49
-6
59
57
48
2
-74
72
10
34
-58
-39
89
-49
99
58
36
-83
11
-41
7
17
18
-61
80
-79
-12
71
89
-29
82
30
58
17
-37
-45
-66
-87
-12
67
42
-76
-26
90
-12
62
87
-30
-17
-68
89
3
-28
-64
32
-85
36
-43
11
21
95
-3
-62
-32
-10
32
-49
-66
36
-35
-3
-15
-47
9
-24
4
-71
-36
4
-46
-8
-94
3
54
75
12
25
65
17
57
-12
82
-30
-91
2
-22
-97
35
27
73
40
40
97
55
-3
55
-90
29
-30
2
83
-82
-30
-93
-96
69
72
-82
-2
91
-61
78
19
19
-39
-59
85
60
37
-73
-24
10
-79
94
21
-98
-87
-25
-45
-53
46
86
38
0
38
-79
-54
-66
49
5
-81
80
16
22
98
-25
-96
43
-57
-74
58
-7
84
-18
50
75
-49
94
48
-63
-31
92
-14
15
25
0
72
-75
-67
69
41
42
-81
-57
-69
15
30
8
75
-47
-95
-49
79
55
-69
34
-49
-35
-24
73
-85
-20
-71
-96
18
-67
-50
-72
21
77
-32
75
33
58
47
-64
75
25
90
-90
39
-62
0
82
57
-11
-52
-64
-72
-67
40
43
-76
41
18
-1
-69
87
-90
44
-89
-22
15
66
-50
28
95
-41
-9
-22
17
77
15
-40
-99
-84
-9
43
-9
-37
-57
23
30
-3
-56
76
-1
-100
66
52
-92
63
-58
72
-7
0
6
30
-66
7
55
-22
81
-56
86
-22
-33
33
22
18
-49
-98
-86
-33
20
15
5
-9
-4
25
-8
-5
51
-77
87
26
17
-80
87
83
-46
-55
90
-23
-4
-63
30
-97
12
80
86
29
76
60
-38
-1
56
2
-82
28
84
89
11
38
98
6
-48
98
-92
56
53
-80
-22
88
10
4
-41
-72
79
-77
-30
31
-6
100
-48
56
91
80
-62
32
88
79
-75
-78
51
61
-47
-69
28
3
31
-40
-43
2
-98
-88
4
96
99
-50
-41
11
-38
95
51
28
4
-55
33
98
93
-96
29
77
-19
-41
-17
-25
98
54
-78
40
38
-68
-44
-77
-3
36
-52
-1
32
74
-87
96
34
-4
15
-70
78
32
44
16
89
48
-56
2
-15
97
9
-2
-47
-89
22
-89
-98
-70
-79
52
93
-69
29
76
87
82
89
-55
-15
-54
18
90
100
68
-73
-54
41
-84
7
21
-21
50
-14
19
47
34
27
-26
1
91
58
92
67
-40
-40
-78
-12
33
20
1
6
5
53
-11
-77
86
41
12
-100
-40
-62
42
-17
-55
14
85
-79
54
99
88
-24
-2
-29
-75
-91
-36
4
-21
90
-69
89
92
-80
15
95
-26
2
29
-25
-87
65
-56
41
92
-35
62
-31
-41
-65
47
35
13
70
43
-60
55
36
99
-42
84
16
-90
36
100
-90
12
-52
-81
-78
41
-83
44
57
-81
-50
-77
-65
35
1
-73
100
-43
-66
48
48
-34
-27
-48
16
96
41
-52
59
0
-38
-68
-40
-48
-56
26
-78
83
-89
-96
42
20
77
-61
-29
82
28
39
37
-9
37
78
-39
-54
43
-55
34
9
-14
-6
-59
-64
54
30
45
57
-25
47
87
52
55
-34
-54
-54
-26
-37
-91
-48
-32
30
-32
-50
-42
16
30
10
77
-58
-27
-68
-26
78
48
48
81
51
74
34
-58
-54
26
48
12
-89
-17
44
-28
-23
40
81
-54
74
52
40
45
-75
-13
-67
-7
15
67
-18
-62
11
-60
-90
62
-57
32
93
31
-37
11
-57
63
-80
-78
66
78
49
-46
22
-79
57
-31
83
-34
-69
-73
0
-58
-57
65
-61
-37
87
6
-52
57
-5
-91
-97
82
-45
52
95
-35
14
34
95
-2
-45
39
58
-23
9
86
27
28
-54
-31
31
39
-32
34
-3
-75
16
64
28
5
81
-33
28
39
-4
-78
-7
26
-41
-16
84
-76
58
-61
77
-36
64
13
64
-74
-7
88
20
18
-25
12
69
-39
44
-21
-25
91
2
-10
31
29
62
97
91
-70
-28
10
24
-11
44
41
-12
30
-49
13
20
61
-26
65
-71
99
-66
-21
-31
5
-96
82
32
-10
-21
63
-47
-56
-76
-85
-65
22
60
41
-89
100
23
34
42
-17
49
-30
-15
-1
81
-6
-87
75
-16
92
37
48
-90
38
88
71
15
83
8
-94
-66
-20
-27
6
24
27
25
41
-62
67
4
-67
22
17
-16
11
-57
-76
2
-80
-87
45
-71
-7
-69
79
-62
-62
-30
-23
28
-51
33
-4
-43
99
68
26
-85
-99
-82
78
19
73
13
11
43
-10
-69
-77
-47
30
-6
-28
19
-65
41
-49
-66
-75
45
67
-83
-11
17
75
-12
89
-12
59
60
-94
94
-61
34
68
-68
39
89
-68
30
-52
53
-89
-52
34
-22
47
48
37
2
-49
14
77
-99
-87
6
45
-95
70
-12
46
-11
-35
-48
-85
-54
-58
-6
-41
-13
88
81
4
-51
98
-100
97
29
5
-39
21
-74
-81
25
23
-32
-77
-85
44
45
19
-89
-95
-8
-96
96
-7
0
14
-1
-27
64
-20
71
40
29
39
50
-19
-74
1
-44
-90
-100
39
-28
38
25
-89
71
-65
98
-87
-7
-92
-10
-26
92
-15
29
51
-3
-17
87
67
-18
91
-70
88
-3
-46
-8
19
-38
-6
29
21
-80
95
-4
-93
-27
49
-67
100
77
61
44
-35
8
9
16
43
18
24
-30
98
-82
-80
93
62
67
-23
91
45
47
78
84
-12
-88
-17
-37
-15
8
35
-18
24
-3
92
34
21
20
-58
-79
34
-49
-77
16
50
2
15
31
68
-42
-66
-95
17
29
-21
55
66
95
49
34
-5
67
-26
-64
65
63
-45
-23
63
31
12
32
86
-85
-71
25
1
20
46
64
-44
-44
-14
-14
-78
-81
-58
80
11
-83
-52
-59
12
-39
26
-57
93
-75
44
84
96
34
-92
38
57
2
-93
-52
62
-54
54
96
58
-63
-11
28
-34
-26
-100
44
-79
-26
79
-73
6
45
38
-3
9
-49
-7
-98
-18
84
48
60
46
-19
-83
-36
-55
54
-60
-77
-70
29
-29
-79
61
-36
99
71
86
69
-14
7
-31
-14
52
49
74
-17
-8
-69
-7
-40
-42
-58
-64
-20
-79
-29
-44
30
-4
-30
-1
25
-68
78
-7
90
-55
-25
56
77
46
-24
-83
-49
-31
-44
-12
20
-33
99
-57
-44
-18
-9
20
-35
-92
-84
41
34
20
80
54
3
93
0
-71
76
-64
100
-38
94
84
-56
-65
-26
55
25
100
-23
-14
-3
33
-50
-83
-45
-71
91
-75
-31
44
22
-98
-2
-30
-60
21
52
21
56
89
69
-15
-69
8
35
47
93
51
-57
24
-92
39
-74
-70
-65
74
12
87
-29
-75
-15
-2
51
-27
-67
-12
39
-16
82
84
43
14
14
19
-41
-67
-38
-90
34
95
36
41
-17
12
-5
-98
72
-10
-80
69
-1
-51
-10
-42
0
81
-67
24
-45
-29
25
19
43
15
-87
-65
-76
-88
-77
-58
28
73
-98
-80
-60
-69
37
-99
23
11
65
-82
-88
33
-47
89
58
1
-35
-55
84
-52
95
36
92
92
97
37
0
-75
-78
90
-34
-22
-2
-70
-92
-95
-29
-14
58
95
-35
-65
40
0
-75
-97
-51
-62
-90
-13
-77
46
14
46
52
86
-96
28
-15
40
-42
83
40
89
26
90
-51
-63
-43
-85
96
-48
-27
-62
27
9
-33
24
37
74
-62
91
-30
-5
-99
-71
65
-82
-53
19
53
-42
82
17
31
-35
-54
40
16
-12
25
-8
79
-75
-23
-49
97
71
91
34
-62
-23
36
-17
55
-49
-49
96
-57
-17
-80
-75
80
6
-17
51
2
-49
-12
-81
-53
-93
-6
-81
36
13
43
32
50
50
-7
77
-44
-13
62
-97
25
15
-15
-28
-75
27
-44
77
35
18
85
-22
-5
-6
-44
81
-88
-64
6
66
91
6
-49
90
-47
-54
45
56
-14
-63
-96
99
-8
21
-22
-96
-15
-24
93
84
82
-46
10
-46
79
75
-67
-7
24
-4
64
33
-24
45
3
-89
-100
-84
-12
-89
95
98
48
-7
-95
27
92
-16
37
66
-13
-22
10
52
81
13
-88
12
-68
2
20
-93
-19
-67
-84
54
15
-32
-84
-57
50
-46
-22
41
-95
51
17
86
-98
64
-22
99
17
7
-54
-5
-7
-81
-37
-17
6
96
-28
86
-31
-45
84
-47
-72
-15
-65
39
-27
3
43
65
67
65
-73
17
62
25
-76
29
26
-56
-37
-23
5
86
-44
60
54
24
76
-47
72
77
65
76
-84
91
36
-8
-60
13
72
-59
0
-7
-3
62
-9
43
59
-78
57
19
39
-42
26
10
-33
-22
-69
-82
14
-17
-17
-69
56
-44
-31
-92
-44
-21
-47
-22
-20
59
81
-61
27
-16
78
-42
-61
-46
-92
-6
84
0
-74
27
33
-41
4
-3
-95
28
-32
40
63
19
99
45
27
98
-48
-76
-40
28
72
-44
96
65
-11
13
39
69
80
-64
-64
-41
48
91
15
-88
-91
-92
-79
91
59
-54
-61
24
-16
-88
-33
-47
-39
32
15
67
74
-59
39
67
-84
-48
20
-82
46
19
-2
48
55
38
13
-38
-25
0
-41
-64
-33
-49
43
69
-74
-46
-71
-93
45
-96
85
-88
18
-86
-1
75
-70
71
-49
76
-73
-67
-75
-42
19
-46
91
-59
-58
-79
5
-44
22
82
88
94
19
5
-17
42
-12
-40
-61
75
-57
-100
-71
-81
-18
8
41
-27
-28
-68
-13
46
28
43
77
-50
20
-90
74
69
16
-57
-3
-69
-80
-87
96
94
-69
-23
59
-93
-40
-89
97
-15
13
-42
48
39
26
-25
94
-97
-34
-42
77
2
86
64
64
-51
63
-37
-26
-24
44
47
51
-39
33
24
-18
15
6
-44
-51
5
33
-34
12
50
3
89
-27
29
12
98
-53
-98
-49
56
-76
55
0
53
-75
-98
28
23
-21
41
-84
86
34
66
-69
-61
91
96
-96
0
48
6
67
-79
-24
17
53
78
-92
-2
-43
80
-22
-51
91
89
-47
4
-54
10
53
-81
-68
25
95
-45
88
45
71
0
-37
6
85
62
-61
80
-8
39
1
95
-14
-27
-52
44
-26
-37
69
53
-44
47
77
38
61
47
17
54
-10
61
2
24
81
-72
-44
45
75
91
87
10
82
-48
25
11
43
60
57
-78
2
14
-80
67
22
17
-13
17
52
14
84
-10
11
-82
-14
49
31
-36
-39
100
-30
32
-89
-30
85
61
80
-100
77
-97
-30
-18
-6
20
-19
58
61
79
-54
-15
80
70
-93
-53
70
-49
-25
33
76
-86
20
-18
-79
43
64
-79
-19
-88
35
77
53
40
45
14
-3
-84
5
-21
53
-64
68
-55
39
24
-9
20
-41
26
85
95
-6
62
10
11
-95
69
-23
1
-1
-61
88
16
-10
66
-74
47
93
88
-34
-70
4
-82
50
-44
-98
57
10
50
58
-37
-98
-19
37
-96
-2
33
71
1
95
-70
-82
-7
-58
20
62
45
-37
-10
-72
65
-100
-70
7
70
57
-76
-91
100
-61
-13
62
-29
-44
23
22
54
-79
75
-6
60
100
49
-20
72
93
-100
-56
75
19
-54
5
1
11
65
91
-77
-46
87
-83
56
65
97
9
23
-69
-72
9
-69
91
20
97
61
-14
31
61
43
50
85
95
100
-66
60
27
-50
-68
-70
37
-58
0
-96
-17
-64
94
-59
-70
80
64
80
-27
78
-8
-98
-37
-84
-52
56
-64
70
-57
40
-64
69
-69
46
6
14
-8
30
-65
-64
68
79
66
51
8
92
-94
43
82
88
-74
45
61
-23
71
8
26
48
-58
-71
34
30
62
-7
-78
63
-7
83
32
31
-67
-72
87
98
29
-76
-70
17
50
59
41
57
-88
91
55
-74
-41
97
-16
56
-44
85
-89
-69
75
12
-15
72
14
-68
-28
-19
-79
-4
-55
-33
-26
-93
-11
-64
49
-38
95
-19
47
-15
53
-80
27
95
-48
74
14
-48
-40
-51
81
4
-67
38
-62
75
67
-23
68
49
-23
73
60
50
-81
19
-24
-12
-85
72
59
-7
-27
-52
35
-52
-62
-58
9
-48
-47
11
-94
15
99
-55
33
-93
23
12
-23
-66
51
100
-67
-55
79
-7
-9
-94
-95
96
-49
-12
-59
-2
15
34
-35
18
78
91
-27
48
-16
-50
-60
77
-53
-33
-95
63
-67
20
57
94
-11
85
-96
20
83
-92
21
19
-61
-76
-32
95
96
-66
71
-74
66
-45
-61
32
50
55
3
2
-9
43
-51
2
-15
11
-81
48
-68
43
51
49
80
6
71
75
96
33
72
-31
-30
-94
84
-78
-36
-19
22
-38
-23
73
26
-53
-27
94
51
-20
62
-86
-88
-14
-24
53
34
-34
-39
23
8
100
47
31
85
91
57
-30
2
-90
65
90
-39
-54
51
74
-49
-92
-63
64
42
-14
-73
71
24
92
-11
-30
-100
-30
77
-11
-18
-45
-81
-19
-80
-82
-12
41
18
96
-16
15
52
41
-39
85
-22
-50
-100
78
62
-71
-95
-53
66
78
-50
-89
-1
100
57
-13
-96
68
62
61
-12
-64
4
-20
-68
-89
-69
-25
41
-32
81
91
14
-52
-52
-2
-7
2
47
52
14
68
61
19
-40
-93
-76
2
7
62
-27
-70
55
96
-89
-33
-57
30
25
94
32
38
65
32
-63
87
6
69
-25
58
-54
39
19
38
-83
52
-10
26
-67
-24
-91
78
70
83
91
-39
25
-28
-31
-61
85
97
-65
-80
-48
-100
96
-96
-33
-84
90
-91
49
-47
44
33
-4
-23
14
24
-71
-20
46
-85
-35
-70
1
76
9
77
-66
79
98
-31
-91
-74
-41
25
-3
-97
21
-71
81
-98
49
61
-8
-55
-18
-25
48
8
38
57
56
91
48
26
72
-48
24
82
-89
63
-47
-94
-77
25
-91
-37
92
48
-84
-49
79
-6
17
78
-96
27
80
-14
73
46
13
20
28
-18
79
-20
-49
30
34
46
28
-24
30
-88
34
-99
-1
83
35
80
-79
-85
-83
6
-44
-12
15
-5
44
-8
-39
-75
32
11
-44
42
26
-94
-45
-44
-70
100
-89
-98
21
7
-13
-11
79
-29
-85
-40
-37
-97
-76
-40
0
-68
80
-80
-49
10
49
51
-74
-18
88
23
-25
-56
41
55
-74
73
93
-82
-24
-70
-71
-12
72
-51
-24
-44
28
-97
50
-55
30
-60
-3
-63
37
-42
-10
43
25
73
43
52
-81
-49
-75
-19
67
-42
-58
67
100
-95
40
45
-53
-89
31
-56
-51
-8
59
88
-28
-44
83
-100
-30
-54
-90
-88
48
59
36
43
-81
60
-29
84
-11
77
-44
33
52
3
73
44
-26
19
-1
93
81
7
-21
-15
-92
32
-41
-12
70
-81
-57
3
63
26
74
16
-56
-6
71
-29
-26
81
67
-21
25
-44
69
-6
-41
-26
-50
15
41
-95
-46
27
-76
-61
43
18
46
-48
-50
-58
-94
75
59
8
35
71
16
39
-72
93
100
86
84
-76
12
-63
74
92
-19
90
-79
-30
60
-59
-26
73
37
-90
21
57
46
-55
76
-32
-53
90
-8
-99
-81
54
-57
-89
-74
-92
30
24
-68
-74
32
84
72
-33
-25
-14
46
-32
-5
-16
-6
-42
44
-98
6
-44
-41
36
97
91
-96
-36
84
80
17
-31
40
-30
23
-26
-65
-1
96
-15
-70
91
-61
-85
37
96
22
3
59
-7
100
-56
10
-54
56
21
54
96
-20
-70
80
-35
-22
12
45
21
85
-4
-9
45
89
94
55
74
-21
-44
11
19
-58
93
77
-66
59
98
-93
-34
-1
20
8
-54
-20
13
-38
-34
61
5
37
26
66
91
-59
-98
24
56
31
-3
-38
90
-76
90
-93
-3
-9
-13
77
-41
95
-29
52
97
79
-21
-100
63
90
-60
29
78
-49
-12
58
76
-8
-73
58
-49
91
32
19
-79
-38
-1
13
28
-51
43
19
48
30
25
73
76
-49
-29
25
-43
30
54
-39
93
-23
-49
-73
-75
-5
79
-90
-19
12
-43
-87
-19
-93
31
45
50
-63
-100
-55
-24
-98
-34
-21
-63
-63
-99
-97
41
-40
56
71
-72
90
-51
60
81
74
-23
-33
-96
31
11
-94
1
23
-44
-1
-85
-76
21
99
-78
-82
71
8
-74
73
-13
12
61
31
-45
70
-12
-24
27
-76
56
55
-4
-28
89
-40
-35
55
-47
24
5
-29
-100
48
97
81
83
52
31
-95
-72
63
89
-13
-56
-24
-29
38
-83
8
-28
-84
76
-4
-40
77
-36
-63
-76
-26
-14
76
-12
63
-57
-68
-8
-15
-12
24
36
-97
-70
42
100
-27
-23
-28
-82
85
-21
-12
35
-46
-90
89
-79
25
-40
-71
92
22
-25
17
-81
-93
-88
28
-45
93
-90
-73
90
-89
15
40
-40
-42
52
-78
-95
-20
-67
-40
25
58
-93
-63
-14
18
-78
-21
-32
-32
36
-99
-15
70
65
-29
27
-11
-91
1
17
-29
-39
-92
-44
76
-54
20
-9
-66
-39
94
-3
-6
-65
-99
-68
16
30
-85
77
-13
52
40
-83
23
66
100
43
-91
-63
-68
90
-30
21
-14
-88
36
64
75
13
-91
-55
39
92
-17
-70
-81
-56
-82
67
47
-60
88
-64
17
-99
97
5
15
-13
-53
22
13
72
84
15
-97
-7
-80
16
-70
81
95
-72
41
-100
5
32
15
-63
-80
-79
79
-79
-13
7
-26
-66
-74
-44
-92
70
50
-59
-53
30
-16
36
-82
98
-71
27
-17
45
-29
54
-84
66
6
-68
-25
39
-20
-46
76
86
-75
-95
-95
0
86
-57
-58
29
-7
-20
9
57
-65
4
-21
-59
-59
-79
81
2
71
-50
17
-33
61
33
73
65
-17
-68
-61
89
77
56
36
78
35
33
72
-35
-26
-32
92
13
-83
-73
-26
-21
69
63
13
-32
-39
-69
13
-64
5
43
49
67
-73
-85
7
-80
50
91
-82
-9
-28
55
-60
63
1
-84
-38
98
-66
26
-6
17
-14
-72
19
98
-61
19
95
-33
8
67
25
-89
-75
37
72
42
-86
31
-44
-70
-1
95
-91
75
67
49
9
-72
-6
58
19
-85
-21
22
3
-3
-60
-14
87
35
21
-61
34
-41
-17
-16
16
24
64
73
79
51
-20
-36
84
-40
28
-36
-93
-49
25
-56
-86
-6
-43
29
-29
73
-71
-67
95
-51
46
50
71
-88
-8
99
-92
-49
-43
-97
-82
10
-51
65
-7
75
62
-10
100
-49
-85
-52
-66
-100
84
40
22
-87
59
-22
42
-64
43
-3
-83
-69
76
-17
-11
-20
-31
-45
62
4
-90
-69
-83
-8
16
-36
-15
1
4
-23
8
-96
37
61
95
66
33
-8
-90
-2
-67
-59
80
-71
46
30
63
3
-67
43
-79
-69
8
54
-66
-68
-94
14
-75
32
44
-55
72
72
-98
-17
-39
-70
-31
67
65
53
76
27
75
21
17
2
40
-89
78
62
71
-14
-34
25
-38
-94
8
-59
-51
-53
51
-30
56
63
-93
86
62
-86
41
-100
63
-50
39
17
28
-35
0
13
6
47
57
-75
18
77
90
3
5
-9
-22
-39
64
48
-78
1
-9
-37
52
86
-20
-97
-27
23
31
-14
15
-77
43
-36
-56
46
-54
41
-3
-27
28
29
74
-65
-82
-47
-43
89
-45
-22
-75
-76
-64
-6
-63
-32
13
-70
10
-1
3
73
87
-72
-7
-94
18
90
53
-72
-2
99
34
25
18
34
-86
-39
76
30
26
-90
75
9
-21
-64
-53
44
-100
39
-15
-87
6
-65
-37
-91
-7
-20
97
52
19
-55
58
24
-25
-79
2
48
90
80
-5
35
-74
80
82
80
-49
-31
41
-57
16
-93
63
-60
75
-71
-61
-86
58
75
22
-69
-15
3
45
-60
11
58
33
-6
40
98
-11
-98
56
-96
-66
-99
-40
-42
97
-28
-35
-97
-2
60
65
-7
-8
43
-62
48
-9
55
82
92
-1
-66
29
34
50
-24
-21
18
13
1
45
-90
20
5
-22
-37
-46
4
71
21
-73
-93
-61
-41
39
23
-70
-14
-1
34
30
72
34
-71
-23
-65
-65
-100
88
43
-48
-95
-62
-56
-45
-19
4
69
63
-42
71
-66
-23
73
39
-99
-90
-12
98
-20
100
-92
9
-5
37
36
25
-65
51
41
-18
86
93
-90
-98
-97
69
95
-11
6
-35
-27
-12
6
91
73
17
34
-41
-71
1
-33
64
28
-15
67
-97
2
-19
33
-86
83
76
-56
11
-35
-28
88
41
-97
-26
-65
91
81
-93
5
-49
74
34
43
84
62
50
62
-5
82
98
-95
99
-19
-75
-82
-5
48
74
-71
-55
-98
68
59
97
-45
1
42
66
-67
-8
14
-81
19
53
-100
4
70
63
37
52
28
-87
75
-100
38
-94
72
79
82
-2
-98
-7
28
17
58
77
-81
-13
-92
-14
-20
-9
66
56
81
-90
-1
-57
-52
-83
-31
79
1
-3
-7
-1
11
62
0
-67
-98
55
-64
51
19
-69
21
-9
43
-71
-68
76
-72
17
-98
-7
-78
70
23
93
-93
-51
-32
41
-1
-5
2
89
-25
-12
-99
52
-43
-75
-37
-23
-4
48
-33
-40
-29
46
-65
10
-18
-10
-21
54
-70
97
89
72
-84
-78
40
63
90
-96
-65
71
-32
-50
-79
8
-96
-52
-40
-71
71
-68
-7
23
57
-63
-27
-9
-59
-35
49
-23
60
-27
-37
-5
-69
7
66
-64
-92
-14
-77
52
-83
24
-94
-19
52
-34
-11
58
52
25
83
57
-39
96
-91
-70
-74
31
-34
0
53
22
-16
-48
-32
50
58
-90
-11
23
79
81
6
-83
87
-48
-46
-67
-100
16
-100
-89
-39
42
-28
-87
53
59
-46
-25
71
15
-16
33
-16
1
-38
-45
38
69
-97
-27
-50
-54
-62
83
3
72
-56
-84
-16
-4
71
53
-38
21
92
-34
63
-33
-37
44
-20
32
-60
-14
-68
12
93
2
-71
-89
-97
22
3
-87
-37
28
31
0
67
75
-100
96
-65
1
18
-100
-71
-44
10
22
69
-83
-47
20
91
-34
-84
42
-93
-91
14
-4
40
-58
-84
46
15
-59
85
-20
-11
24
5
25
97
41
58
-3
86
78
-6
-87
-13
-19
6
-61
-47
-87
58
8
100
-31
15
-85
91
84
75
-8
57
-12
84
-83
-42
-55
-30
32
-67
4
38
-1
98
-63
21
80
-16
-35
82
-11
-83
79
-81
-61
36
-64
33
-69
-12
65
-33
26
72
2
73
50
35
33
42
50
-63
-84
4
-13
53
63
28
96
38
-98
-11
60
-20
61
-20
-36
16
-20
25
72
56
97
-79
-27
55
56
20
1
54
59
74
-3
68
-16
0
56
13
-14
10
67
3
-3
-17
64
-46
57
-97
25
-25
60
-56
-51
-8
-34
-70
86
2
-78
28
-24
86
-57
3
-57
-41
8
25
83
-69
32
81
30
6
-95
-68
59
87
-34
-3
43
48
-43
-88
83
48
-32
8
-76
34
92
-62
67
-32
-24
-96
39
-22
13
26
-81
-25
-60
-17
57
15
-58
39
-55
-55
-67
-11
35
69
2
62
11
52
23
-59
-66
-20
19
-2
100
-96
37
-30
-82
43
33
-46
-24
-30
-15
-35
-33
-23
53
39
-13
-72
-89
-74
-99
-39
25
19
50
49
-8
48
-21
1
64
-64
38
-10
30
-56
45
-80
5
23
77
-60
90
47
60
38
-71
-15
90
27
-64
-94
12
-14
95
-71
74
-91
46
3
36
66
99
80
67
-65
-51
-28
-85
-19
72
-3
-63
22
6
-67
-26
-45
31
-45
32
90
-14
-69
35
67
49
43
37
49
9
52
-68
-48
-30
90
-98
-56
90
-92
-51
70
82
-48
-55
-81
-88
61
-61
26
26
-59
46
-33
-98
38
44
-43
-31
89
-31
72
59
78
74
-77
-78
-40
54
-9
43
63
49
2
57
-6
-60
89
15
95
-84
-52
-57
41
80
87
73
9
35
28
-54
96
-91
80
-71
-30
56
99
64
53
-32
12
21
-51
-54
-55
60
90
-57
40
6
-26
-81
-18
82
34
-93
-40
-72
-7
-31
-89
-75
10
61
47
56
-43
30
38
28
-43
-36
31
-19
-98
47
10
-71
-99
4
-34
-3
-9
59
-42
-1
69
-39
77
0
-21
-67
-86
-84
31
24
71
43
51
-99
-57
83
17
-71
-57
65
-71
7
-85
-62
80
74
51
-15
10
91
-25
67
-79
-5
70
59
-40
-63
14
97
95
-99
61
63
-29
-41
-98
-39
49
18
38
-6
0
-49
-11
-77
-68
35
-51
-25
-100
-95
-14
42
49
26
37
10
-88
-96
-36
11
3
-94
-25
-73
-72
-2
92
-73
10
74
11
6
-87
-78
6
65
-25
-85
-74
-41
-31
-52
-16
70
32
62
34
97
-2
14
34
81
100
50
81
-36
95
-46
46
76
-51
54
67
-89
84
75
-91
-70
-33
79
6
19
23
-67
-11
-32
-88
-81
7
-26
80
-81
32
68
30
-36
79
-92
53
-87
-96
-70
44
-69
-85
-17
4
36
94
-32
79
-76
86
-3
-81
-76
-79
-64
28
4
33
-9
28
-60
-85
-97
24
11
-67
-91
-42
-4
39
-86
53
-55
5
-51
-96
46
75
30
59
63
-23
-17
8
95
64
50
-27
16
31
-87
1
37
-39
-2
-100
-75
54
-49
-81
-58
36
75
100
-98
60
64
56
-22
31
-19
-10
70
51
51
83
33
80
-31
-63
91
-64
-67
56
54
-87
93
72
61
-69
-41
47
-20
-84
-18
-2
27
-96
85
-38
55
-80
52
-89
-81
16
10
9
-95
-11
-52
3
97
32
31
91
65
45
24
-86
-5
-21
-3
-60
46
-39
-90
-85
-99
38
-53
22
-100
56
99
-96
-53
-93
86
-95
49
-25
53
9
38
-22
-33
-99
-76
87
99
90
69
45
-92
-58
-96
64
-80
2
62
-12
52
53
-94
18
12
76
61
-100
64
48
-38
51
89
-80
-66
-34
-56
-9
88
20
-40
82
-18
64
1
-49
48
-66
5
67
-3
44
-20
-27
-40
69
-15
82
-37
48
90
62
55
-88
40
37
4
73
57
51
-67
-15
-38
-37
-57
-60
53
9
43
-13
-96
81
72
-86
-74
58
98
43
40
0
-63
-65
-98
-58
-74
32
-63
-99
9
85
94
-3
-52
56
3
-60
-43
-93
-68
19
74
-93
-40
37
-40
-49
37
-62
-64
28
-36
-79
-51
-15
-76
-19
20
-17
-66
-89
-68
9
-32
24
76
42
-12
6
54
-96
52
36
-94
14
18
23
86
-20
89
41
98
66
-28
94
53
-83
88
-36
21
2
-74
47
-1
-16
